132
186
144
190
150
154
180
168
168
120
102
100
144
148
196
140
162
156
132
168
108
118
106
196
176
172
110
186
114
148
138
118
112
170
152
200
168
108
130
148
164
174
130
112
116
108
164
128
156
128
124
148
172
180
104
188
176
190
122
170
180
142
146
200
100
136
108
130
170
166
166
110
100
138
148
170
162
108
132
152
118
186
138
120
166
150
200
112
172
114
144
184
198
124
124
170
112
134
140
140
114
172
190
192
110
110
104
104
174
196
158
186
114
174
116
144
152
176
124
186
134
152
104
100
106
162
158
190
110
174
114
174
138
160
126
128
158
130
116
102
184
116
166
156
186
142
126
140
198
136
168
134
130
188
186
200
118
176
120
158
136
180
164
186
194
148
154
134
134
160
122
160
184
192
106
124
116
182
100
126
126
134
154
150
128
126
174
170
114
106
140
200
170
184
152
102
172
154
188
154
192
136
172
190
174
162
132
138
132
182
178
100
146
152
146
184
134
138
136
168
112
168
166
192
168
124
148
172
112
164
180
104
144
184
148
190
168
154
144
176
168
182
188
166
118
108
172
136
180
148
188
196
174
150
140
184
186
200
184
160
196
148
186
126
142
158
166
196
116
140
142
140
112
108
102
166
106
156
104
128
188
180
172
144
154
200
104
166
160
180
102
188
104
104
132
182
176
188
130
162
198
160
136
150
188
174
118
156
186
122
198
100
126
118
190
200
120
164
190
128
124
134
114
158
154
114
148
104
166
148
180
178
194
128
156
200
180
158
154
190
122
200
166
126
182
114
198
188
160
148
124
154
158
116
138
188
184
100
184
134
144
148
116
128
144
172
178
128
104
154
106
146
194
154
124
138
180
156
198
154
106
196
168
148
196
172
162
174
164
180
150
154
168
164
198
102
172
118
162
158
194
158
104
138
164
184
184
162
172
188
132
110
120
174
104
120
144
100
146
110
118
158
142
140
172
172
172
140
160
176
140
192
134
122
182
114
130
136
184
130
144
126
170
188
122
138
106
108
108
150
180
140
126
150
154
132
168
144
156
168
180
192
138
178
186
138
200
166
154
170
180
138
108
106
118
182
166
158
180
148
148
112
162
130
130
168
140
198
150
112
188
118
194
194
102
140
122
130
148
120
100
188
150
118
124
102
118
182
162
146
170
106
122
178
116
136
156
160
122
176
176
154
130
118
122
144
150
102
174
174
182
118
172
114
156
164
188
198
162
136
150
140
148
164
136
152
148
176
104
146
110
154
160
118
134
128
104
154
186
158
170
166
118
190
102
176
160
194
108
188
178
200
124
128
192
104
128
176
148
186
168
182
196
126
140
158
110
132
140
122
154
114
148
158
118
194
184
134
176
134
196
122
118
114
112
102
122
134
136
102
142
172
118
186
152
118
150
126
196
184
184
200
124
112
114
142
174
132
190
186
112
122
188
106
106
132
130
164
162
148
176
166
116
190
196
162
108
164
116
184
128
194
124
166
150
194
130
192
118
192
100
154
182
128
154
184
108
182
138
104
132
178
118
150
168
104
122
110
178
128
166
168
104
118
130
106
172
146
188
132
198
106
176
126
170
140
116
198
134
194
128
126
198
172
194
154
154
160
158
110
134
138
112
194
198
124
154
198
170
190
146
128
158
160
114
174
148
186
170
154
154
106
194
172
152
198
192
146
194
182
190
156
184
192
106
130
200
178
180
182
160
114
138
176
180
184
170
124
100
144
176
102
106
174
160
126
164
118
140
114
170
166
124
142
196
194
138
108
166
168
186
190
150
152
142
198
188
196
124
128
156
154
158
140
124
156
102
138
154
162
178
154
180
170
188
116
142
174
180
182
122
140
164
126
148
122
166
154
168
164
172
166
120
190
190
198
166
104
102
100
148
168
144
186
152
160
106
184
132
136
186
170
144
160
150
160
124
120
122
180
108
102
136
102
108
116
154
116
130
186
166
148
112
142
162
178
198
114
104
192
128
116
158
106
120
134
160
180
114
174
178
136
124
156
140
122
132
156
112
200
142
188
146
142
200
160
102
122
192
182
144
156
128
104
128
144
162
136
118
160
130
134
176
198
174
104
150
150
194
196
138
108
106
140
184
140
120
186
180
150
174
136
148
148
200
156
182
126
194
160
176
166
196
190
190
120
118
108
150
164
154
168
198
144
172
164
110
118
168
112
176
188
160
122
172
194
196
182
114
176
166
132
130
114
134
170
126
178
174
108
146
188
102
136
114
176
136
180
174
100
184
164
146
134
150
104
170
132
186
116
